0 1 1.2840254166877414 1.5488302986341331
1 2 1.5488302986341331 1.8682459574322223
2 3 1.8682459574322223 2.2535347872132085
3 4 2.2535347872132085 2.718281828459
0 5 1.2840254166877414 1.5488302986341331
5 10 1.5488302986341331 1.8682459574322223
10 15 1.8682459574322223 2.2535347872132085
15 20 2.2535347872132085 2.718281828459
4 9 2.718281828459 5.75460267600573
9 14 5.75460267600573 12.182493960703471
14 19 12.182493960703471 25.79033991719306
19 24 25.79033991719306 54.59815003314423
20 21 2.718281828459 5.75460267600573
21 22 5.75460267600573 12.182493960703471
22 23 12.182493960703471 25.79033991719306
23 24 25.79033991719306 54.598150033144