0 1 1.28403 1.41023
1 2 1.41023 1.54883
2 3 1.54883 1.70106
3 4 1.70106 1.86825
4 5 1.86825 2.05187
5 6 2.05187 2.25353
6 7 2.25353 2.475023769963
7 8 2.475023769963 2.71828
0 9 1.28403 1.41023
9 18 1.41023 1.54883
18 27 1.54883 1.70106
27 36 1.70106 1.86825
36 45 1.86825 2.05187
45 54 2.05187 2.25353
54 63 2.25353 2.475023769963
63 72 2.475023769963 2.71828
8 17 2.71828 3.95508
17 26 3.95508 5.75460
26 35 5.75460 8.37290
35 44 8.37290 12.1825
44 53 12.1825 17.7254
53 62 17.7254 25.7903
62 71 25.7903 37.5247
71 80 37.5247 54.598150033144239
72 73 2.71828 3.95508
73 74 3.95508 5.75460
74 75 5.75460 8.37290
75 76 8.37290 12.1825
76 77 12.1825 17.7254
77 78 17.7254 25.7903
78 79 25.7903 37.5247
79 80 37.5247 54.598150033144239