1.28403000000000e+00
1.41023000000000e+00
1.54883000000000e+00
1.70106000000000e+00
1.86825000000000e+00
2.05187000000000e+00
2.25353000000000e+00
2.47502376996300e+00
2.71828000000000e+00
1.41023000000000e+00
1.30760268699229e+00
1.35900755899357e+00
1.49802983554033e+00
1.71442249630011e+00
2.02171593539779e+00
2.45221943899866e+00
3.06030534486539e+00
3.95508000000000e+00
1.54883000000000e+00
1.31673828517467e+00
1.32737683404242e+00
1.49742654600721e+00
1.81431262093011e+00
2.30960091508864e+00
3.05200504533626e+00
4.15061571759001e+00
5.75460000000000e+00
1.70106000000000e+00
1.40687367092799e+00
1.43243119283449e+00
1.68451340394196e+00
2.15970537307246e+00
2.91726884577124e+00
4.07557158984821e+00
5.81436481326928e+00
8.37290000000000e+00
1.86825000000000e+00
1.58108554806425e+00
1.68584021680514e+00
2.08610125323434e+00
2.79615029233899e+00
3.91585666404209e+00
5.63665223248318e+00
8.25588006657687e+00
1.21825000000000e+01
2.05187000000000e+00
1.86326445849697e+00
2.13550871728803e+00
2.78016724321736e+00
3.84055997800541e+00
5.47089010526626e+00
7.96627486963196e+00
1.18130506556750e+01
1.77254000000000e+01
2.25353000000000e+00
2.29840312017377e+00
2.86903834179152e+00
3.90746178617742e+00
5.50698062688454e+00
7.89444553078309e+00
1.14821264447760e+01
1.70317396575766e+01
2.57903000000000e+01
2.47502376996300e+00
2.95591095214809e+00
4.01827884051471e+00
5.67938790454912e+00
8.13217009215714e+00
1.17146522530893e+01
1.69759683285598e+01
2.48563117553927e+01
3.75247000000000e+01
2.71828000000000e+00
3.95508000000000e+00
5.75460000000000e+00
8.37290000000000e+00
1.21825000000000e+01
1.77254000000000e+01
2.57903000000000e+01
3.75247000000000e+01
5.45981500331442e+01
